6713250 18879
2870250 17606
9163000 6096
1688750 12220
8072250 27033
1911500 8689
5011500 23013
4625750 15446
1812000 11196
5226500 23829
5011500 6331
9706000 12168
439000 16821
6904000 5267
7699500 11080
8845250 22484
848500 9838
5642000 13450
3963750 21067
5264500 5470
393250 4949
10773000 19615
8385000 21110
1793250 2033
7184500 2159
2891500 14161
6694750 14020
7218000 11201
4963500 21110
1244250 27670
5293250 679
5742000 19523
3404000 3627
2076000 3390
11300000 13701
2103250 12394
3963750 16624
1906000 12220
981000 27160
528250 12977
2940000 15935
10212500 24081
4770500 27191
7715000 2457
7060500 504
5812000 2683
5491500 21110
10063000 22393
4902250 4709
5655250 15645
3310750 25086
11874000 11679
12154500 2568
2891500 14580
439000 25415
11730000 13390
5915250 2367
7699500 8719
5024500 12394
11949750 5403
11340250 14294
3846250 11679
8017000 23284
232000 7868
8096750 26485
12215000 12352
8702500 11196
3963750 251
9244000 7868
2891500 25086
1792000 6203
6571000 12162
1792000 12307
7699500 28410
3787750 2610
10054250 20297
11494250 27509
2940000 11080
3404000 905
4850000 19980
3846250 23143
5220750 28438
9163000 28184
1324500 5336
8845250 11826
5292000 8643
9039750 11196
7703750 7868
3350250 19177
2200750 2655
5742000 170
11747250 11244
11114000 25372
7886000 5267
6874250 22393
8195000 4078
2921750 29547
2940000 904
2940000 24519
5264500 12220
6234000 3555
887750 15019
4133750 20127
9039750 3228
11225500 21110
5139250 11080
6921750 29497
19500 19421
3031750 7323
2874500 4172
7060500 3384
3592750 5836
11225500 10176
4967250 6101
8435250 16110
8163500 26959
2940000 12168
9694750 14887
621500 2683
1911500 1047
12388250 28391
3031750 16406
3963750 4949
3404000 22246
7927750 18624
9436000 6571
10628500 12285
8216500 22552
10944750 25687
12371000 12394
8072250 6098
3148500 3627
9651250 26754
10521000 10409
4658500 21110
11313000 3228
4850000 11605
8435250 14261
5751500 14873
5264500 25372
3861500 7868
1724250 15672
6998500 1031
731750 11196
10628500 18736
791500 24831
1966250 16110
1074750 11080
10773000 12352
6400000 2452
5745000 11080
8910750 27514
11225500 13020
1966250 26722
8163500 28438
8163500 2257
12331000 7542
452750 10872
5293250 12220
2975500 7868
6523250 11196
10773000 12977
3952000 2128
9394250 3228
5011500 11022
5812000 19993
5170500 18805
4370750 1666
8435250 11080
2033500 4949
2198750 16550
2940000 25260
1966250 25260
6099250 25372
2940000 11767
7699500 11793
11362000 10240
1971500 8385
11129250 11080
7886000 15446
5034000 7465
12173500 9817
4184250 11196
9123500 12168
11535250 2257
835000 19632
1104500 2683
12215000 7868
981000 8662
12173500 554
9121750 7868
3031750 19962
5812000 20472
887750 26754
5170500 6096
3344750 28435
7034000 27791
5865750 911
3520000 21919
8072250 22
5187750 11080
4922750 18024
6061250 679
11984750 20207
11313000 11196
1118250 2159
12215000 15639
7143250 10702
10261750 14261
5220750 8689
10628500 28641
4852500 911
567250 11080
3644250 18843
2975500 21865
10401500 22950
11711250 6175
11874000 12220
12275500 21930
892500 11670
7588000 18712
1966250 18730
2386250 26754
981000 4949
10592000 25372
12229000 12588
6301250 29547
19500 11080
5293250 20506
3954500 15584
5655250 11196
11711250 24942
5407750 6352
2771250 789
7306250 24379
3913250 15159
8573000 6158
11625250 3740
439000 24060
3317500 27514
573000 7071
11984750 3627
9437500 489
11984750 25086
2975500 15934
3344750 18290
6874250 8637
7184500 7868
371250 7620
6874250 28410
1104500 22393
1074750 27092
4770500 13554
711500 26722
8702500 7105
11493000 7868
371250 21110
6874250 12168
5780000 15811
5745000 26722
4184250 4949
8940500 2655
9906500 11328
2891500 255
2033500 8689
6301250 22393
4852500 24541
4844000 12220
11601500 6299
4376250 8689
10592000 12220
7657250 3228
1086750 7868
3644250 7868
2103250 1831
1911500 3627
3913250 8409
1189000 4949
5143250 16609
6874250 11080
621500 29099
11313000 23143
6874250 2683
10261750 1222
12231250 26722
11730000 21565
10521000 15874
3846250 15584
3846250 11882
8529750 28059
7715000 27961
3913250 9242
2891500 8027
1617250 11329
2940000 14580
3031750 3228
5491500 4162
3963750 26972
8149250 11679
4184250 241
11984750 12352
9979000 251
6694750 22393
8702500 29547
8845250 21979
11894500 15138
8940500 16463
65500 29099
7886000 9472
3913250 8689
2891500 2257
5052000 7868
2874500 6203
1911500 10872
691500 12977
10052000 7680
2940000 26722
4102750 20585
5655250 3228
5899750 12220
200250 12352
5491500 20154
2940000 3390
12234750 25372
2187500 12162
2921750 14182
4770500 6988
154500 18805
2921750 15446
5024500 16550
4770500 10404
6874250 20425
8314250 4834
5745000 9838
4195500 7737
1971500 7624
3723750 4078
1194750 25366
11947000 11080
154500 21110
439000 3390
2852250 11682
9394250 28899
1104500 14294
2891500 819
4184250 14020
5037000 679
8033500 21110
1525000 11196
8730250 12068
364250 11679
2232500 14261
1906000 21110
5024500 3228
1971500 25329
5693000 2655
6848750 12160
5279750 20386
2492500 19005
1173500 15730
2940000 12220
8163500 24608
5642000 11080
4399750 23207
11590500 17606
2891500 26722
5491500 7089
6683750 29203
2852250 14261
5865750 28177
4184250 28710
11579750 12688
2033500 11176
2921750 143
1911500 16110
439000 7868
3257000 679
12331000 18180
2870250 7096
4503500 24193
1966250 11052
10064500 12220
3405000 4389
38250 18730
439000 2198
9288000 2683
7588000 28653
12154500 5470
1189000 11176
3588500 21336
154500 12168
5780000 8313
10773000 2257
4256500 2410
9173750 13020
981000 11176
5898500 374
6301250 574
5491500 20620
1793250 22393
6751750 28463
3350250 24765
8163500 22621
5491500 14182
832250 27791
5012750 7963
1324500 7868
11564250 6104
9179500 17835
11564250 14969
8845250 26464
8845250 13070
267250 2367
10443000 2373
2704750 3658
8163500 15022
8271000 11280
6874250 13483
2940000 24486
11225500 4731
1969000 12220
6564500 18730
12154500 17640
11734000 679
9173750 11679
10609250 8693
8702500 23779
8195000 1758
5865750 29331
8529750 22583
2940000 2683
1617250 2217
7445000 18075
5024500 17748
8730250 11679
12154500 7868
2921750 27791
2874500 7910
5024500 12977
5264500 14261
6998500 3627
5491500 17405
200250 9620
2920750 23407
7699500 22280
11313000 27406
6564500 14902
10443000 27135
9069000 28017
5052000 5150
711500 11052
472000 23748
9076750 4731
8730250 911
5846250 1831
4184250 10788
472000 14647
2033500 12352
10566000 7868
8033500 20996
6848750 22319
10052000 3093
11313000 11679
6571000 13430
5812000 11465
11734000 14490
9179500 11196
2891500 4949
3795000 12352
9351750 11080
3009000 5627
1971500 13701
7218000 15859
9351750 14580
439000 3362
11313000 17013
1971500 4479
2870250 14020
7687500 290
1966250 2257
1710500 7868
2975500 5086
7797000 13942
9807250 7868
9173750 16110
5226250 8689
8072250 19036
7797000 11196
12239250 26288
2874500 14914
5959000 251
10588000 14020
12215000 4949
4153000 9912
7699500 18730
573000 16653
9394250 25372
981000 12394
6412750 3304
12331000 1831
8435250 7105
10845500 13390
6564500 11612
4809750 679
5264500 12394
5354000 20180
12215000 6672
2920750 22359
6874250 15584
3317500 11665
8149250 11196
6380000 28425
5108000 647
12377250 8689
984500 18730
2874500 10840
3981750 1831
6458500 8637
4886500 17640
434750 21911
6564500 29095
11579750 11196
1792000 13390
11984750 251
1528500 23781
5170500 21672
969750 2963
6234000 4571
11321750 11730
1173500 20143
9842500 18805
8163500 23103
2033500 3627
1319000 21849
11131750 10726
7699500 23928
2975500 16406
8940500 3720
5655250 16500
8617500 11280
1906000 2683
1911500 18730
8243500 11196
6867750 7552
7854500 29099
4087750 27791
2033500 11465
1966250 3228
10588000 15138
2891500 8724
8435250 11679
6874250 26754
6654750 16110
5522250 21672
3913250 10136
10312750 3627
2940000 29084
